+376
+971
+93
+1268
+1264
+355
+374
+244
+672
+54
+1684
+43
+61
+297
+35818
+994
+387
+1246
+880
+32
+226
+359
+973
+257
+229
+590
+1441
+673
+591
+599
+55
+1242
+975
+55
+267
+375
+501
+1
+61
+243
+236
+242
+41
+225
+682
+56
+237
+86
+57
+506
+53
+238
+599
+61
+357
+420
+49
+253
+45
+1767
+1809
+213
+593
+372
+20
+212
+291
+34
+251
+358
+679
+500
+691
+298
+33
+241
+44
+1473
+995
+594
+44
+233
+350
+299
+220
+224
+590
+240
+30
+500
+502
+1671
+245
+592
+852
+672
+504
+385
+509
+36
+62
+353
+972
+441624
+91
+246
+964
+98
+354
+39
+44
+1876
+962
+81
+254
+996
+855
+686
+269
+1869
+850
+82
+965
+1345
+7
+856
+961
+1758
+423
+94
+231
+266
+370
+352
+371
+218
+212
+377
+373
+382
+590
+261
+692
+389
+223
+95
+976
+853
+1-670
+596
+222
+1-664
+356
+230
+960
+265
+52
+60
+258
+264
+687
+227
+672
+234
+505
+31
+47
+977
+674
+683
+64
+968
+507
+51
+689
+675
+63
+92
+48
+508
+870
+1
+970
+351
+680
+595
+974
+262
+40
+381
+7
+250
+966
+677
+248
+249
+46
+65
+290
+386
+47
+421
+232
+378
+221
+252
+597
+211
+239
+503
+1-721
+963
+268
+1-649
+235
+262
+228
+66
+992
+690
+670
+993
+216
+676
+90
+1-868
+688
+886
+255
+380
+256
+1
+1
+598
+998
+379
+1-784
+58
+1-284
+1-340
+84
+678
+681
+685
+967
+262
+27
+260
+263