404|470|678|770|678|762
512|737|361
410|443|667
617|857|508|774|978
704|980|828
312|773|872|708|464|630|847|224|815|224
513|283
216|440|330|234
614|380|740|220
214|469|972|682|817|903|430|903
303|720|970|719|970
313|248|586|734|810
215|267|445|484
682|817|469|972
713|281|832|346|281|713
317|463|812
904|386|689
816|975|913|785
702|725
213|310|323|424|661|747|818|626|909|951
502|364
901|662|731
305|786|305
414|262|608
612|651|763|952
615|629|931
504|985
212|332|347|646|718|917|929|516|631|845|914
405|539|580
407|689|321
602|480|623|520
412|878
503|971
919|984|910
804|540
916|279|530|707
801|385
210|726|830
619|858|760|442
415|628|650|510
408|669|650
206|253|360|425|564
314|636|573
813|656
520|928
202|301|703|571|202