10115
10117
10119
10178
10243
10245
10247
10249
10315
10317
10318
10319
10365
10367
10369
10405
10407
10409
10435
10437
10439
10551
10553
10555
10557
10559
10585
10587
10589
10623
10625
10627
10629
10707
10709
10711
10713
10715
10717
10719
10777
10779
10781
10783
10785
10787
10789
10823
10825
10827
10829
10961
10963
10965
10967
10969
10997
10999
20095
20097
20099
20144
20146
20148
20149
20249
20251
20253
20255
20257
20259
20354
20355
20357
20359
20457
20459
20535
20537
20539
21029
21031
21033
21035
21037
21039
21073
21075
21077
21079
21107
21109
21129
21147
21149
22041
22043
22045
22047
22049
22081
22083
22085
22087
22089
22111
22113
22115
22117
22119
22143
22145
22147
22149
22175
22177
22179
22297
22299
22301
22303
22305
22307
22309
22335
22337
22339
22359
22391
80331
80333
80335
80336
80337
80469
80538
80539
80634
80636
80637
80638
80639
80686
80687
80689
80796
80797
80798
80799
80801
80802
80803
80804
80805
80807
80809
80933
80935
80937
80939
80992
80993
80995
80997
80999
81241
81243
81245
81247
81249
81369
81371
81373
81375
81377
81379
81475
81476
81477
81479
81539
81541
81543
81545
81547
81549
81667
81669
81671
81673
81675
81677
81679
81735
81737
81739
81825
81827
81829
81925
81927
81929