151XX
601XX
11100
52100
63100
14100
83100
701XX
76121
32100
82100
241XX
13900
401XX
39100
251XX
72100
091XX
93100
86100
09013
81100
951XX
88100
66100
221XX
87100
26100
88900
12100
94100
441XX
501XX
71100
471XX
031XX
161XX
34170
58100
18100
86170
67100
191XX
041XX
73100
23900
571XX
269
55100
62100
46100
54100
75100
98100
20100-20900
41100
80100-80149
28100
08100
09170
35100-35143
90100-90152
43100-43126
27100
06100-06135
61100
65100
29100-29122
56100
51100
33170
85100
59100
97100
48100
89100
42100
02100
47900
00118-00199
45100
84100-84135
07100
17100
53100
96100
23100
74100
64100
05100
10100-10152
91100
38100
31100
34100-34151
33100
21100
30100
28921-28925
13100
37121-37148
89811-89819
36100
01100